 59
104
227
114
 55
233
 29
160
216
 30
 72
 87
224
112
219
 45
 80
254
  4
104
200
 85
 60
 68
254
  6
 52
  7
 65
241
 55
212
 62
205
254
226
 99
220
 38
251
 20
105
 33
145
  3
174
 73
208
 78
241
226
121
 53
145
145
151
117
185
 81
176
207
131
 72
 71
 51
101
153
 82
140
160
 61
233
185
214
143
 81
 13
 52
196
158
239
 35
155
106
174
125
166
157
 83
125
217
184
204
122
 64
116
 54
218
152
 27
204
 44
194
 88
124
209
 95
126
238
 90
238
159
 24
167
141
128
 36
247
 51
 63
202
 73
146
104
230
225
224
198
213
196
 46
 11
 68
165
 66
 28
101
152
 18
 92
 56
250
 60
 44
105
218
238
231
155
 83
246
252
162
111
252
 39
225
213
 97
 96
186
 37
239
 61
 80
141
 77
195
169
177
 93
183
176
185
 96
 57
 71
118
240
239
225
 42
176
 63
251
 25
245
 69
115
183
 17
227
 80
 77
130
 12
166
101
254
 69
124
255
107
204
181
 61
 25
 44
184
105
 72
157
190
 33
 25
 87
109
207
117
146
 51
177
101
 75
186
174
 31
 80
 22
193
223
151
 96
202
243
192
 52
225
 87
 48
 42
117
145
123
161
234
 33
255
141
207
225
223
185
 46
191
242
189
156
149
237
 32
 35
 71
157
229
189
183
 39
234
150
 78
 89
156
 17
 24
  4
153
236
214
206
190
 20
109
150
163
  2
 60
194
  5
 53
196
 22
156
 37
 57
170
213
 83
 65
231
 83
 44
 55
 40
 25
 49
141
248
192
237
 35
232
139
227
255
198
 88
103
 62
 96
 73
 68
166
212
 83
193
149
237
 16
144
199
  2
 51
211
194
161
 28
238
 12
164
118
 64
248
220
125
152
151
233
 84
 42
245
155
231
  5
255
234
135
165
248
158
196
213
206
188
131
138
 39
234
199
167
114
 49
184
198
117
 15
234
199
118
135
101
  2
 37
168
 89
236
229
233
182
200
 72
 67
235
228
 20
127
 90
172
207
213
 51
202
102
175
125
 85
164
121
 28
182
138
143
218
180
197
 66
198
 97
199
 63
 28
209
 31
  1
151
135
 18
235
112
144
 76
216
 60
 83
 37
139
183
 80
216
135
255
133
 22
153
197
161
135
174
134
 92
112
203
138
 68
 44
156
150
217
 85
144
 49
115
241
199
 20
207
 95
236
140
 98
137
102
134
180
 72
 75
150
187
106
214
145
155
239
173
125
241
 26
 99
169
108
197
 33
147
244
175
 27
 28
 45
127
107
172
 29
 61
 83
206
 87
158
 17
190
