 10665
 10769
 10801
 11052
 10815
 10519
 10799
 10846
 10896
 10710
 11140
 11062
 11116
 10963
 11039
 10967
 11135
 11161
 10927
 11131
 11172
 11038
 11129
 11014
 10890
 10757
 10758
 10948
 10830
 10783
 10871
 10770
 10673
 10712
 11309
 10858
 10789
 10890
 10929
 10863
 10664
 10931
 11094
 11286
 10726
 11051
 10890
 10990
 10987
 10958
 10871
 10898
 10712
 10630
 10656
 10946
 10894
 10904
 10901
 11069
 10714
 10866
 10854
 10755
 10731
 10894
 10912
 10904
 10886
 10652
 11073
 10706
 10806
 10568
 10691
 10691
 10748
 10916
 11248
 10805
 10702
 10794
 11005
 11194
 10767
 10787
 10747
 10470
 10852
 10752
 11117
 10769
 10738
 10747
 10865
 10849
 10537
 10990
 10883
 10787
 10768
 10951
 10812
 10610
 10607
 11035
 10746
 10619
 10828
 11021
 10844
 10852
 10738
 11053
 10807
 10708
 11062
 10727
 10886
 10768
 11125
 10686
 10727
 10762
 10851
 10644
 10905
 10563
 10616
 10578
 10969
 10635
 10633
 10836
 10807
 10682
 10721
 10805
 10933
 10513
 10575
 10676
 11017
 10960
 10909
 10740
 10917
 10689
 10383
 10977
 10632
 10878
 10829
 10750
 10654
 10582
 10825
 10785
 10548
 10815
 10781
 10920
 10884
 10701
 10683
 10638
 11046
 10604
 10939
 10988
 10927
 10742
 10923
 10729
 10755
 10756
 10773
 10758
 10832
 10934
 10601
 10645
 10657
 10627
 10888
 10881
 10480
 10728
 10806
 10836
 10513
 10737
 10925
 10768
 11006
 10856
 10910
 10785
 10784
 10798
 10815
 10824
 10478
 10787
 10983
 10736
 10607
 10806
 10925
 10853
 10783
 10522
 10833
 10828
 10867
 10716
 10746
 10817
 10670
 10472
 11114
 11026
 11037
 10516
 10824
 10758
 10831
 10662
 10519
 10762
 11124
 11051
 10585
 11006
 10819
 10646
 10750
 10592
 10965
 10850
 10516
 10933
 10876
 10651
 10613
 10620
 10751
 10630
 10603
 10785
 10860
 10555
 10518
 10814
 10822
 10814
 10616
 10388
 10685
 10503
 10726
 10584
 10718
 10979
 10871
 10952
 10974
 10668
 10975
 10764
 10573
 10878
 10557
 10996
 10751
 10609
 10660
 10955
 10717
 10498
 10672
 11076
 10822
 10640
 10845
 11120
 11093
 10619
 11028
 10768
 10955
 10922
 11068
 10707
 11002
 10913
 10992
 10683
 11134
 11048
 11145
 11000
 10987
 11029
 10933
 10772
 10830
 10870
 11233
 10895
 10666
 10927
 11243
 10692
 10848
 10726
 11136
 10979
 10967
 11156
 10706
 10880
 10795
 10865
 11149
 10997
 10917
 10995
 11141
 10753
 10987
 11201
 10846
 10736
 10864
 10987
 10620
 11102
 10730
 10668
 11035
 10773
 10898
 10721
 10878
 10636
 10937
 10800
 10818
 10909
 10931
 11162
 10961
 10902
 10636
 10634
 10997
 10930
 10618
 11027
 10702
 10481
 10986
 10817
 10756
 10859
 10777
 10934
 10788
 11010
 11032
 10793
 10798
 10807
 10774
 10603
 10840
 10907
 10764
 10766
 10717
 10948
 11084
 10955
 10768
 10998
 11037
 10850
 11005
 11192
 10980
 10872
 11083
 10859
 10613
 11177
 11097
 10753
 10984
 10959
 10775
 11145
 10823
 10794
 10584
 10676
 11069
 10932
 10733
 10691
 10767
 10959
 10838
 10702
 10659
 10850
 10994
 10752
 10852
 10577
 10946
 10905
 10878
 10748
 10750
 11022
 11106
 10629
 10779
 10640
 11002
 10761
 10303
 10756
 10774
 10709
 10675
 11003
 10866
 10736
 10896
 10981
 10500
 11119
 10738
 10765
 10749
 10852
 10774
 10886
 10746
 10803
 10818
 11038
 10774
 10660
 10810
 10838
 11088
 10910
 11104
 10952
 10656
 10747
 10662
 10651
 10750
 10671
 10853
 10631
 10679
 10831
 10598
 11022
 10942
 10843
 10668
 10851
 10665
 10745
 10784
 10701
 10587
 10660
 10894
 10808
 10564
 10977
 11175
 10972
 10715
 10688
 10776
 10858
 10598
 10885
 10837
 10489
 10768
 11117
 10684
 10973
 10792
 10701
 10766
 10839
 10536
 10730
 10784
 10935
 10712
 10967
 10754
 10621
 10794
 10789
 10728
 10936
 10746
 10761
 10896
 10742
 10903
 10964
 10728
 10558
 10639
 10889
 10737
 10767
 10689
 10978
 11015
 10767
 10725
 10527
 10813
 10812
 10811
 10708
 10836
 10784
 10727
 10479
 10845
 10864
 10703
 11108
 10826
 10687
 11007
 10747
 11048
 10983
 10861
 11001
 11009
 10756
 10708
 10721
 10699
 10599
 10839
 10775
 10871
 10815
 10949
 10742
 11066
 10873
 10913
 10798
 10756
 11050
 10830
 10801
 10870
 10955
 11043
 10771
 10740
 10970
 10705
 10902
 10829
 10689
 10971
 11162
 10744
 11155
 10768
 11037
 10835
 10821
 10527
 10651
 11047
 10963
 11006
 10929
 10764
 10665
 10785
 11081
 10581
 10964
 11183
 11105
 10947
 10668
 10820
 11137
 10849
 10726
 10858
 10749
 10837
 10738
 10928
 11064
 10613
 10670
 10941
 10946
 10770
 10701
 11113
 10756
 10931
 10811
 10826
 10842
 10859
 10930
 11068
 10623
 10933
 10730
 10565
 10821
 10932
 10852
 10697
 11007
 11072
 11159
 10904
 11083
 10930
 10746
 11075
 11175
 10734
 10724
 10951
 10945
 10972
 10928
 10529
 10743
 11172
 11022
 10849
 11020
 11024
 10991
 11005
 10792
 10867
 10777
 11105
 10758
 10795
 11032
 11083
 10986
 11000
 11044
 10918
 11112
 11047
 10922
 10923
 10901
 10563
 10924
 10879
 10838
 10491
 10915
 10956
 10720
 10942
 11056
 10694
 11065
 10949
 10960
 11039
 11004
 10830
 10740
 11004
 11062
 10844
 10854
 11034
 11053
 10919
 11020
 10988
 10829
 11144
 10582
 11187
 11138
 10779
 10839
 10990
 10982
 11012
 11005
 11203
 10917
 10996
 11112
 10715
 10877
 10881
 10985
 11100
 11098
 10996
 10874
 11018
 11078
 10861
 11406
 11122
 11135
 11219
 11063
 11263
 11028
 11068
 11040
 10912
 10742
 11101
 11236
 10964
 10921
 11137
 11135
 11139
 10977
 10942
 11124
 10953
 11045
 11147
 10914
 10894
 11045
 11070
 11093
 11036
 11163
 10856
 11273
 10950
 10728
 11206
 11122
 11288
 10848
 10974
 11170
 10804
 10745
 10988
 10973
 11130
 11101
 10680
 10966
 11042
 10796
 10883
 10880
 10982
 10959
 11121
 11176
 10966
 10951
 10992
 10916
 11077
 10770
 11117
 10868
 10827
 11156
 11160
 10958
 11100
 11103
 10927
 11247
 10664
 10743
 11018
 11112
 10723
 10943
 10990
 10838
 10967
 11036
 11205
 10769
 10981
 10975
 11083
 10837
 11031
 11028
 11222
 10740
 11098
 10933
 10949
 10960
 11113
 11303
 11023
 10820
 11176
 10726
 11283
 10792
 10840
 10853
 10917
 11054
 10938
 11127
 10777
 10974
 10775
 11067
 11319
 10961
 10936
 11019
 11175
 10900
 11080
 11125
 10924
 11008
 11131
 11036
